-113633.6171875
-113693.1015625
-113758.578125
-113829.96875
-113907.125
-113989.859375
-114077.9375
-114171.0625
-114268.90625
-114371.1015625
-114477.1875
-114586.75
-114699.2890625
-114814.3046875
-114931.2734375
-115049.6640625
-115168.9375
-115288.578125
-115408.015625
-115526.7265625
-115644.234375
-115760.0234375
-115873.609375
-115984.5390625
-116092.4140625
-116196.8046875
-116297.3515625
-116393.703125
-116485.5859375
-116572.6796875
-116654.7890625
-116731.6796875
-116803.1953125
-116869.1875
-116929.5859375
-116984.2890625
-117033.296875
-117076.625
-117114.28125
-117146.375
-117172.984375
-117194.28125
-117210.4140625
-117221.59375
-117228.0390625
-117230.0078125
-117227.734375
-117221.546875
-117211.7109375
-117198.5390625
-117182.359375
-117163.4765625
-117142.2109375
-117118.84375
-117093.6796875
-117067
-117039.03125
-117010.0078125
-116980.1484375
-116949.578125
-116918.453125
-116886.875
-116854.875
-116822.4765625
-116789.6640625
-116756.390625
-116722.5390625
-116688.015625
-116652.625
-116616.25
-116578.640625
-116539.625
-116498.9375
-116456.3828125
-116411.71875
-116364.703125
-116315.125
-116262.7890625
-116207.5
-116149.09375
-116087.4375
-116022.390625
-115953.90625
-115881.8984375
-115806.390625
-115727.3515625
-115644.8828125
-115559.0390625
-115469.9609375
-115377.8203125
-115282.796875
-115185.1484375
-115085.1171875
-114983.015625
-114879.203125
-114773.984375
-114667.7890625
-114561
-114454.0625
-114347.4140625
-114241.5390625
-114136.90625
-114034.0078125
-113933.34375
-113835.4140625
-113740.65625
-113649.6171875
-113562.7265625
-113480.4609375
-113403.2265625
-113331.453125
-113265.484375
-113205.6875
-113152.3359375
-113105.6953125
-113065.984375
-113033.359375
-113007.9140625
-112989.7578125
-112978.859375
-112975.1953125
-112978.6796875
-112989.1953125
-113006.5390625
-113030.5
-113060.8125
-113097.1796875
-113139.28125
-113186.7734375
-113239.2578125
-113296.3828125
-113357.703125
-113422.8203125
-113491.3125
-113562.7890625
-113636.8046875
-113712.9765625
-113790.875
-113870.171875
-113950.4453125
-114031.3828125
-114112.640625
-114193.9375
-114274.984375
-114355.5234375
-114435.3125
-114514.1953125
-114591.9921875
-114668.5703125
-114743.828125
-114817.6640625
-114890.078125
-114961.03125
-115030.5703125
-115098.703125
-115165.5546875
-115231.1875
-115295.7421875
-115359.359375
-115422.203125
-115484.4375
-115546.2734375
-115607.8515625
-115669.390625
-115731.0703125
-115793.0703125
-115855.515625
-115918.59375
-115982.390625
-116046.984375
-116112.4453125
-116178.8046875
-116246.015625
-116314.046875
-116382.78125
-116452.09375
-116521.796875
-116591.6875
-116661.515625
-116730.9921875
-116799.78125
-116867.5625
-116933.9765625
-116998.625
-117061.1328125
-117121.1015625
-117178.109375
-117231.78125
-117281.6875
-117327.46875
-117368.7578125
-117405.203125
-117436.4375
-117462.2265625
-117482.25
-117496.2734375
-117504.0859375
-117505.5
-117500.3828125
-117488.609375
-117470.1328125
-117444.8984375
-117412.90625
-117374.234375
-117328.9140625
-117277.0859375
-117218.90625
-117154.5625
-117084.28125
-117008.3203125
-116926.984375
-116840.5859375
-116749.515625
-116654.1328125
-116554.8359375
-116452.1171875
-116346.3828125
-116238.1484375
-116127.890625
-116016.1171875
-115903.3359375
-115790.0625
-115676.8125
-115564.078125
-115452.34375
-115342.078125
-115233.7734375
-115127.7890625
-115024.546875
-114924.375
-114827.6171875
-114734.5078125
-114645.28125
-114560.1015625
-114479.109375
-114402.359375
-114329.875
-114261.6640625
-114197.65625
-114137.765625
-114081.8359375
-114029.71875
-113981.21875
-113936.125
-113894.234375
-113855.296875
-113819.09375
-113785.375
-113753.90625
-113724.46875
-113696.8828125
-113670.9296875
-113646.4609375
-113623.28125
-113601.3046875
-113580.4296875
-113560.5703125
-113541.671875
-113523.7265625
-113506.7109375
-113490.6640625
-113475.625
-113461.703125
-113448.9921875
-113437.5859375
-113427.6640625
-113419.3671875
-113412.890625
-113408.4296875
-113406.2265625
-113406.46875
-113409.4375
-113415.3671875
-113424.5234375
-113437.140625
-113453.5078125
-113473.8515625
-113498.4375
-113527.4921875
-113561.234375
-113599.8671875
-113643.5625
-113692.4765625
-113746.6875
-113806.3046875
-113871.359375
-113941.84375
-114017.6875
-114098.828125
-114185.109375
-114276.328125
-114372.2734375
-114472.6171875
-114577.0859375
-114685.265625
-114796.7734375
-114911.15625
-115027.953125
-115146.6484375
-115266.71875
-115387.65625
-115508.8828125
-115629.875
-115750.0703125
-115868.921875
-115985.8828125
-116100.4453125
-116212.09375
-116320.3515625
-116424.7578125
-116524.8828125
-116620.328125
-116710.7421875
-116795.7890625
-116875.1796875
-116948.6875
-117016.0859375
-117077.2109375
-117131.9609375
-117180.234375
-117222.015625
-117257.3203125
-117286.1796875
-117308.703125
-117325.0390625
-117335.3203125
-117339.8046875
-117338.703125
-117332.28125
-117320.8671875
-117304.78125
-117284.3359375
-117259.921875
-117231.9140625
-117200.65625
-117166.546875
-117129.9453125
-117091.2109375
-117050.6953125
-117008.6953125
-116965.546875
-116921.4921875
-116876.78125
-116831.6171875
-116786.1640625
-116740.5390625
-116694.8515625
-116649.1328125
-116603.4140625
-116557.640625
-116511.7734375
-116465.7109375
-116419.359375
-116372.5234375
-116325.109375
-116276.90625
-116227.7109375
-116177.3515625
-116125.625
-116072.3515625
-116017.328125
-115960.390625
-115901.3671875
-115840.125
-115776.5390625
-115710.4921875
-115641.9375
-115570.796875
-115497.0546875
-115420.6953125
-115341.7890625
-115260.3671875
-115176.5390625
-115090.3984375
-115002.125
-114911.890625
-114819.8984375
-114726.3984375
-114631.6328125
-114535.921875
-114439.5703125
-114342.9375
-114246.3828125
-114150.296875
-114055.09375
-113961.21875
-113869.078125
-113779.1640625
-113691.9609375
-113607.8828125
-113527.46875
-113451.1328125
-113379.3671875
-113312.5859375
-113251.2265625
-113195.6875
-113146.34375
-113103.484375
-113067.3984375
-113038.3203125
-113016.4765625
-113001.953125
-112994.8203125
-112995.1015625
-113002.7578125
-113017.6875
-113039.75
-113068.703125
-113104.3125
-113146.2890625
-113194.265625
-113247.8984375
-113306.765625
-113370.453125
-113438.515625
-113510.515625
-113586.015625
-113664.5234375
-113745.6171875
-113828.859375
-113913.796875
-114000.0546875
-114087.2109375
-114174.9296875
-114262.84375
-114350.6015625
-114437.9609375
-114524.609375
-114610.3125
-114694.859375
-114778.0625
-114859.7578125
-114939.7890625
-115018.0859375
-115094.5703125
-115169.1640625
-115241.875
-115312.6875
-115381.640625
-115448.7890625
-115514.203125
-115577.9765625
-115640.25
-115701.1328125
-115760.796875
-115819.3984375
-115877.09375
-115934.078125
-115990.515625
-116046.578125
-116102.4375
-116158.25
-116214.1328125
-116270.2265625
-116326.609375
-116383.34375
-116440.484375
-116498.015625
-116555.8828125
-116614.015625
-116672.3203125
-116730.6171875
-116788.7265625
-116846.3984375
-116903.390625
-116959.390625
-117014.0625
-117067.0703125
-117118.046875
-117166.5859375
-117212.2890625
-117254.765625
-117293.609375
-117328.40625
-117358.7890625
-117384.375
-117404.8046875
-117419.75
-117428.9375
-117432.0546875
-117428.9140625
-117419.2890625
-117403.0234375
-117380
-117350.1640625
-117313.453125
-117269.890625
-117219.5546875
-117162.5234375
-117098.9609375
-117029.0390625
-116953.0078125
-116871.125
-116783.71875
-116691.125
-116593.734375
-116491.9609375
-116386.2734375
-116277.1015625
-116164.9765625
-116050.4140625
-115933.921875
-115816.0546875
-115697.3515625
-115578.359375
-115459.640625
-115341.6875
-115225.0546875
-115110.203125
-114997.6171875
-114887.765625
-114781.015625
-114677.765625
-114578.3203125
-114482.9921875
-114392.0234375
-114305.6015625
-114223.859375
-114146.90625
-114074.828125
-114007.625
-113945.2421875
-113887.6328125
-113834.6953125
-113786.3125
-113742.296875
-113702.484375
-113666.671875
-113634.640625
-113606.1796875
-113581.03125
-113558.96875
-113539.78125
-113523.2265625
-113509.0625
-113497.109375
-113487.1640625
-113479.0390625
-113472.59375
-113467.6328125
-113464.078125
-113461.78125
-113460.6875
-113460.7421875
-113461.875
-113464.0859375
-113467.40625
-113471.8515625
-113477.46875
-113484.375
-113492.6484375
-113502.4453125
-113513.9140625
-113527.21875
-113542.5546875
-113560.1640625
-113580.2265625
-113603.03125
-113628.78125
-113657.75
-113690.1875
-113726.328125
-113766.40625
-113810.6640625
-113859.2578125
-113912.390625
-113970.203125
-114032.7734375
-114100.2109375
-114172.5
-114249.6328125
-114331.5390625
-114418.0859375
-114509.1015625
-114604.4140625
-114703.6953125
-114806.671875
-114912.9609375
-115022.1953125
-115133.9375
-115247.7421875
-115363.1171875
-115479.5703125
-115596.6015625
-115713.671875
-115830.265625
-115945.859375
-116059.9609375
-116172.0390625
-116281.6171875
-116388.2109375
-116491.3984375
-116590.7265625
-116685.828125
-116776.296875
-116861.828125
-116942.09375
-117016.8203125
-117085.78125
-117148.7734375
-117205.6328125
-117256.21875
-117300.4296875
-117338.21875
-117369.5859375
-117394.5078125
-117413.0546875
-117425.3359375
-117431.4375
-117431.515625
-117425.796875
-117414.453125
-117397.765625
-117375.96875
-117349.390625
-117318.328125
-117283.125
-117244.1328125
-117201.6953125
-117156.1796875
-117107.9609375
-117057.359375
-117004.78125
-116950.5390625
-116894.96875
-116838.375
-116781.0078125
-116723.15625
-116665.015625
-116606.765625
-116548.578125
-116490.546875
-116432.75
-116375.21875
-116317.953125
-116260.8984375
-116204.015625
-116147.1875
-116090.28125
-116033.15625
-115975.65625
-115917.5859375
-115858.7734375
-115799.03125
-115738.1484375
-115675.984375
-115612.328125
-115547.046875
-115479.9921875
-115411.0546875
-115340.1484375
-115267.1875
-115192.1796875
-115115.0625
-115035.9140625
-114954.7734375
-114871.7109375
-114786.890625
-114700.4453125
-114612.578125
-114523.46875
-114433.40625
-114342.65625
-114251.5234375
-114160.3359375
-114069.4296875
-113979.1953125
-113890.03125
-113802.3125
-113716.46875
-113632.9375
-113552.1640625
-113474.5625
-113400.5703125
-113330.6484375
-113265.1796875
-113204.59375
-113149.2734375
-113099.59375
-113055.8828125
-113018.46875
-112987.6171875
-112963.5546875
-112946.5078125
-112936.578125
-112933.921875
-112938.546875
-112950.5
-112969.7109375
-112996.109375
-113029.53125
-113069.8046875
-113116.6796875
-113169.8984375
-113229.15625
-113294.1015625
-113364.3359375
-113439.484375
-113519.1171875
-113602.7890625
-113690.0546875
-113780.4375
-113873.484375
-113968.7421875
-114065.734375
-114164.0390625
-114263.1796875
-114362.75
-114462.359375
-114561.59375
-114660.09375
-114757.546875
-114853.6328125
-114948.0546875
-115040.5703125
-115130.96875
-115219.0390625
-115304.65625
-115387.6640625
-115468.0078125
-115545.609375
-115620.4765625
-115692.5859375
-115761.9765625
-115828.75
-115893
-115954.828125
-116014.3984375
-116071.859375
-116127.3984375
-116181.2109375
-116233.5
-116284.453125
-116334.265625
-116383.125
-116431.21875
-116478.703125
-116525.734375
-116572.3984375
-116618.8359375
-116665.046875
-116711.0859375
-116756.9140625
-116802.5078125
-116847.765625
-116892.546875
-116936.71875
-116980.0703125
-117022.375
-117063.390625
-117102.8203125
-117140.359375
-117175.71875
-117208.5703125
-117238.5546875
-117265.34375
-117288.6015625
-117308.03125
-117323.265625
-117334.015625
-117340.0078125
-117340.96875
-117336.6640625
-117326.8984375
-117311.4296875
-117290.1640625
-117262.9453125
-117229.71875
-117190.390625
-117144.9765625
-117093.4765625
-117035.953125
-116972.5
-116903.234375
-116828.34375
-116747.984375
-116662.4296875
-116571.921875
-116476.765625
-116377.296875
-116273.8671875
-116166.8828125
-116056.734375
-115943.890625
-115828.796875
-115711.953125
-115593.828125
-115474.96875
-115355.8515625
-115237.03125
-115119.0234375
-115002.34375
-114887.5
-114774.9609375
-114665.234375
-114558.7421875
-114455.890625
-114357.078125
-114262.6328125
-114172.8515625
-114087.984375
-114008.2265625
-113933.7421875
-113864.609375
-113800.8984375
-113742.5859375
-113689.640625
-113641.96875
-113599.4375
-113561.890625
-113529.1015625
-113500.890625
-113476.96875
-113457.0859375
-113441.0078125
-113428.40625
-113419.0546875
-113412.65625
-113408.953125
-113407.6875
-113408.65625
-113411.609375
-113416.359375
-113422.734375
-113430.5859375
-113439.78125
-113450.2265625
-113461.828125
-113474.546875
-113488.34375
-113503.203125
-113519.15625
-113536.2578125
-113554.53125
-113574.109375
-113595.0625
-113617.5078125
-113641.609375
-113667.515625
-113695.3984375
-113725.421875
-113757.7890625
-113792.7109375
-113830.3828125
-113871.0078125
-113914.765625
-113961.8828125
-114012.53125
-114066.8828125
-114125.09375
-114187.2890625
-114253.5703125
-114324.0234375
-114398.6875
-114477.5625
-114560.609375
-114647.7578125
-114738.8984375
-114833.8359375
-114932.3828125
-115034.2734375
-115139.2109375
-115246.8671875
-115356.875
-115468.7890625
-115582.171875
-115696.59375
-115811.5
-115926.4453125
-116040.84375
-116154.1796875
-116265.9453125
-116375.578125
-116482.5546875
-116586.390625
-116686.5625
-116782.6171875
-116874.09375
-116960.5625
-117041.6640625
-117117.0078125
-117186.3046875
-117249.265625
-117305.65625
-117355.28125
-117397.9765625
-117433.640625
-117462.21875
-117483.6875
-117498.0703125
-117505.4296875
-117505.90625
-117499.6015625
-117486.765625
-117467.609375
-117442.390625
-117411.421875
-117375.0390625
-117333.5859375
-117287.46875
-117237.0703125
-117182.796875
-117125.0859375
-117064.3515625
-117001.0390625
-116935.5546875
-116868.3046875
-116799.703125
-116730.0859375
-116659.8203125
-116589.2265625
-116518.5859375
-116448.1328125
-116378.1015625
-116308.640625
-116239.8984375
-116171.9609375
-116104.8828125
-116038.6796875
-115973.3359375
-115908.796875
-115844.9921875
-115781.8125
-115719.1171875
-115656.796875
-115594.671875
-115532.5859375
-115470.375
-115407.859375
-115344.90625
-115281.3515625
-115217.03125
-115151.84375
-115085.671875
-115018.4140625
-114950.0078125
-114880.4296875
-114809.609375
-114737.5859375
-114664.359375
-114589.9921875
-114514.578125
-114438.1953125
-114361
-114283.140625
-114204.8125
-114126.2265625
-114047.609375
-113969.21875
-113891.375
-113814.3515625
-113738.5078125
-113664.1796875
-113591.734375
-113521.5703125
-113454.078125
-113389.6796875
-113328.7734375
-113271.796875
-113219.1640625
-113171.25
-113128.4921875
-113091.234375
-113059.8671875
-113034.6875
-113015.9921875
-113004.046875
-112999.046875
-113001.1328125
-113010.4609375
-113027.03125
-113050.890625
-113081.9375
-113120.1015625
-113165.1796875
-113216.953125
-113275.15625
-113339.5
-113409.59375
-113485.046875
-113565.4609375
-113650.375
-113739.328125
-113831.84375
-113927.4375
-114025.6171875
-114125.8984375
-114227.8125
-114330.8671875
-114434.640625
-114538.671875
-114642.5546875
-114745.8828125
-114848.3203125
-114949.46875
-115049.046875
-115146.78125
-115242.3359375
-115335.546875
-115426.1796875
-115514.0625
-115599.0625
-115681.046875
-115759.9375
-115835.6875
-115908.2421875
-115977.6484375
-116043.890625
-116107.046875
-116167.203125
-116224.4453125
-116278.8984375
-116330.75
-116380.1015625
-116427.1796875
-116472.1328125
-116515.171875
-116556.4921875
-116596.2734375
-116634.71875
-116672.0078125
-116708.3046875
-116743.7421875
-116778.4453125
-116812.546875
-116846.078125
-116879.1015625
-116911.609375
-116943.5703125
-116974.9296875
-117005.578125
-117035.3671875
-117064.1171875
-117091.640625
-117117.703125
-117142.0234375
-117164.3046875
-117184.2734375
-117201.59375
-117215.9375
-117226.9765625
-117234.3671875
-117237.796875
-117236.9453125
-117231.5078125
-117221.203125
-117205.7890625
-117185.03125
-117158.7265625
-117126.734375
-117088.8671875
-117045.0859375
-116995.3125
-116939.5546875
-116877.8203125
-116810.203125
-116736.7734375
-116657.7265625
-116573.2421875
-116483.546875
-116388.921875
-116289.6796875
-116186.15625
-116078.7421875
-115967.8359375
-115853.8828125
-115737.3515625
-115618.71875
-115498.4921875
-115377.1953125
-115255.3671875
-115133.515625
-115012.203125
-114891.984375
-114773.3515625
-114656.84375
-114542.953125
-114432.15625
-114324.8984375
-114221.640625
-114122.7109375
-114028.46875
-113939.2421875
-113855.2734375
-113776.796875
-113703.96875
-113636.8984375
-113575.6953125
-113520.34375
-113470.875
-113427.2109375
-113389.2421875
-113356.8515625
-113329.8671875
-113308.1015625
-113291.34375
-113279.359375
-113271.8828125
-113268.640625
-113269.3828125
-113273.828125
-113281.671875
-113292.6796875
-113306.5546875
-113323.0390625
-113341.8984375
-113362.890625
-113385.78125
-113410.390625
-113436.53125
-113464.0234375
-113492.734375
-113522.5546875
-113553.375
-113585.125
-113617.7578125
-113651.265625
-113685.6328125
-113720.8984375
-113757.1015625
-113794.328125
-113832.6796875
-113872.28125
-113913.265625
-113955.78125
-114000.03125
-114046.171875
-114094.40625
-114144.9453125
-114197.9765625
-114253.6796875
-114312.265625
-114373.8828125
-114438.6953125
-114506.8515625
-114578.40625
-114653.453125
-114732.03125
-114814.1015625
-114899.640625
-114988.5625
-115080.6875
-115175.875
-115273.875
-115374.4375
-115477.234375
-115581.9140625
-115688.1171875
-115795.421875
-115903.3828125
-116011.5546875
-116119.4609375
-116226.6015625
-116332.546875
-116436.734375
-116538.71875
-116638.0078125
-116734.1484375
-116826.6953125
-116915.203125
-116999.2578125
-117078.515625
-117152.578125
-117221.15625
-117283.921875
-117340.640625
-117391.1015625
-117435.0859375
-117472.4453125
-117503.0703125
-117526.875
-117543.8203125
-117553.8984375
-117557.1484375
-117553.625
-117543.421875
-117526.71875
-117503.6640625
-117474.4609375
-117439.3515625
-117398.609375
-117352.5390625
-117301.4453125
-117245.6875
-117185.6171875
-117121.6484375
-117054.1484375
-116983.5390625
-116910.21875
-116834.625
-116757.1328125
-116678.171875
-116598.109375
-116517.3359375
-116436.203125
-116355.03125
-116274.109375
-116193.703125
-116114.0625
-116035.359375
-115957.734375
-115881.34375
-115806.2265625
-115732.4453125
-115659.9765625
-115588.828125
-115518.875
-115450.0703125
-115382.28125
-115315.375
-115249.203125
-115183.6015625
-115118.3984375
-115053.4140625
-114988.5
-114923.5
-114858.2578125
-114792.6484375
-114726.5703125
-114659.9140625
-114592.6328125
-114524.671875
-114456.015625
-114386.6875
-114316.734375
-114246.21875
-114175.2421875
-114103.9296875
-114032.4453125
-113960.9765625
-113889.7421875
-113818.9375
-113748.8828125
-113679.8046875
-113612.0234375
-113545.859375
-113481.65625
-113419.75
-113360.484375
-113304.265625
-113251.4375
-113202.3671875
-113157.4296875
-113117
-113081.4296875
-113051.0546875
-113026.1953125
-113007.1640625
-112994.234375
-112987.625
-112987.578125
-112994.2578125
-113007.796875
-113028.265625
-113055.7421875
-113090.2109375
-113131.6171875
-113179.875
-113234.8046875
-113296.25
-113363.953125
-113437.6484375
-113516.9921875
-113601.6484375
-113691.21875
-113785.265625
-113883.375
-113985.046875
-114089.828125
-114197.2109375
-114306.703125
-114417.8046875
-114530.0078125
-114642.8359375
-114755.796875
-114868.421875
-114980.25
-115090.859375
-115199.859375
-115306.859375
-115411.484375
-115513.421875
-115612.3828125
-115708.1171875
-115800.3671875
-115888.96875
-115973.75
-116054.6015625
-116131.4375
-116204.203125
-116272.890625
-116337.515625
-116398.1484375
-116454.890625
