0.00209245
0.00198433
0.00185721
0.00173291
0.00161091
0.00148951
0.0013659
0.00123645
0.00109711
0.000944008
0.000773954
0.000584792
0.000375579
0.000146596
-0.00010069
-0.000363682
-0.000638691
-0.00092097
-0.00120479
-0.00148359
-0.00175021
-0.00199731
-0.00221781
-0.00240535
-0.00255464
-0.00266166
-0.00275034
-0.00279303
-0.00278907
-0.00273935
-0.00264629
-0.00251382
-0.00232199
-0.00210439
-0.00186829
-0.00162088
-0.00136889
-0.00111831
-0.000874216
-0.000640781
-0.00042118
-0.000217525
-3.07636e-05
0.000139373
0.000294324
0.000436532
0.000569136
0.000695559
0.000819076
0.00094244
0.00106764
0.00119578
0.00132705
0.00146077
0.00159534
0.00172829
0.00185629
0.00199379
0.00211865
0.00220441
0.0022662
0.00229949
0.0023005
0.00226649
0.0021959
0.00208843
0.00194499
0.00176779
0.00156018
0.00132667
0.00107269
0.000804406
0.00052844
0.000251499
-1.99501e-05
-0.000279975
-0.000523387
-0.000745873
-0.000944095
-0.00111576
-0.00125972
-0.00137595
-0.00146558
-0.00153077
-0.00157447
-0.00160019
-0.00161163
-0.00161235
-0.00162169
-0.00162599
-0.00162712
-0.00162624
-0.00162379
-0.00161945
-0.00161209
-0.00159982
-0.00156408
-0.00151817
-0.00145896
-0.00138339
-0.00128888
-0.00117349
-0.00103618
-0.000876846
-0.000696363
-0.000496584
-0.000280307
-5.12109e-05
0.000186233
0.000426914
0.000665283
0.000895612
0.00111228
0.00131007
0.00148439
0.00163146
0.00174846
0.00185106
0.00192161
0.00195984
0.00196663
0.00194387
0.00189443
0.0018219
0.00173037
0.00162412
0.00150736
0.00138403
0.00125756
0.00111825
0.000982288
0.000851107
0.000725354
0.000604877
0.000488782
0.00037555
0.000263227
0.000149663
3.27798e-05
-8.91853e-05
-0.000217485
-0.000352732
-0.000494832
-0.000642955
-0.000795536
-0.000950302
-0.00110432
-0.00125409
-0.00139569
-0.00152493
-0.0016529
-0.00176135
-0.00184644
-0.00190488
-0.00193418
-0.00193273
-0.00189987
-0.00183596
-0.00174234
-0.00162134
-0.00145994
-0.00128015
-0.00108683
-0.000885013
-0.000679706
-0.000475626
-0.00027703
-8.75757e-05
8.97725e-05
0.000252815
0.000400167
0.000531273
0.000646391
0.000746514
0.000833236
0.000908571
0.000974732
0.00103391
0.00108807
0.0011388
0.00119858
0.00125705
0.00131411
0.00136909
0.00142072
0.00146713
0.00150597
0.0015345
0.00154976
0.00154881
0.00152891
0.00148774
0.00140873
0.00130678
0.0011822
0.00103609
0.000870414
0.000687897
0.000491966
0.000286629
7.63191e-05
-0.000134293
-0.000340511
-0.000537821
-0.000722082
-0.000889691
-0.0010377
-0.0011639
-0.00126692
-0.00134618
-0.00140196
-0.00144935
-0.0014762
-0.00148438
-0.00147624
-0.00145434
-0.0014213
-0.00137962
-0.00133155
-0.00127895
-0.00122323
-0.0011653
-0.00110552
-0.00104371
-0.000968733
-0.00089066
-0.00080807
-0.000719395
-0.000623099
-0.000517859
-0.000402724
-0.000277236
-0.000141512
3.71569e-06
0.000157085
0.000316625
0.000479797
0.000643573
0.000804539
0.000959038
0.00110333
0.00123378
0.00135937
0.00146583
0.00155044
0.00161111
0.0016465
0.00165603
0.00163993
0.00159921
0.00153564
0.00145163
0.00135008
0.00123427
0.00110765
0.000962581
0.000814942
0.00066778
0.00052368
0.000384697
0.000252306
0.000127387
1.0232e-05
-9.94088e-05
-0.000202245
-0.000299329
-0.000391907
-0.000481263
-0.000568569
-0.000654748
-0.000740375
-0.000825607
-0.000918398
-0.00101057
-0.00110085
-0.00118754
-0.00126852
-0.00134135
-0.00140338
-0.00145193
-0.00148439
-0.00149843
-0.00149211
-0.00146403
-0.00141342
-0.00134018
-0.00124495
-0.00111661
-0.000971114
-0.000811459
-0.000641077
-0.000463709
-0.000283241
-0.000103537
7.17198e-05
0.000239168
0.000395885
0.000539478
0.000668148
0.000780727
0.000876693
0.000956143
0.00101974
0.00106864
0.00111502
0.00115014
0.00117559
0.00119291
0.00120351
0.00120854
0.00120883
0.00120485
0.00119666
0.00118391
0.00116587
0.00114147
0.00110935
0.00106805
0.00100535
0.000931259
0.000844863
0.000745618
0.000633451
0.00050881
0.000372694
0.000226642
7.27114e-05
-8.65797e-05
-0.000248333
-0.000409376
-0.000566383
-0.00071602
-0.000855085
-0.000980645
-0.00109996
-0.00120213
-0.00128531
-0.00134825
-0.00139036
-0.00141164
-0.00141274
-0.00139487
-0.00135973
-0.00130937
-0.0012461
-0.00117234
-0.00109048
-0.00100276
-0.000911207
-0.000817501
-0.000722961
-0.000621265
-0.000521143
-0.000422652
-0.000325491
-0.000229077
-0.000132657
-3.5422e-05
6.33705e-05
0.000164284
0.00026761
0.000373297
0.000480907
0.000589595
0.000698115
0.000811823
0.000922848
0.00102892
0.00112756
0.00121618
0.00129223
0.00135329
0.00139722
0.00142228
0.00142718
0.00141121
0.00137423
0.00131672
0.00123976
0.00114499
0.00103455
0.000910982
0.000768014
0.000619293
0.000467987
0.000317113
0.000169423
2.73192e-05
-0.000107221
-0.000232684
-0.000348049
-0.000452785
-0.000546821
-0.000630495
-0.000704476
-0.000769663
-0.000827077
-0.000886022
-0.000939615
-0.000988511
-0.00103313
-0.00107362
-0.00110979
-0.00114115
-0.00116688
-0.00118588
-0.00119681
-0.00119819
-0.00118848
-0.00116622
-0.00113007
-0.00107901
-0.00101237
-0.000929917
-0.000822614
-0.000701769
-0.000568957
-0.000426209
-0.000275952
-0.00012093
3.5899e-05
0.000191477
0.000342764
0.000486855
0.000621096
0.000743174
0.0008512
0.000952271
0.00103776
0.00110697
0.00115972
0.00119631
0.00121748
0.00122433
0.00121823
0.00120072
0.00117339
0.0011378
0.0010954
0.0010474
0.000994804
0.000938285
0.000878226
0.000814702
0.000747507
0.000668727
0.000586066
0.00049893
0.00040676
0.000309125
0.000205811
9.68862e-05
-1.7241e-05
-0.0001358
-0.000257647
-0.000381283
-0.000504882
-0.000626353
-0.000743409
-0.00086109
-0.00097061
-0.0010695
-0.00115545
-0.00122641
-0.00128068
-0.00131699
-0.00133454
-0.00133305
-0.00131277
-0.00127444
-0.00121928
-0.00114892
-0.00106532
-0.000970664
-0.000867274
-0.000757493
-0.000643589
-0.000521232
-0.000399971
-0.000281376
-0.000166656
-5.66515e-05
4.81584e-05
0.000147621
0.000241858
0.000331201
0.000416104
0.000497061
0.000574522
0.000648814
0.000726573
0.000801919
0.000874461
0.000943534
0.0010082
0.00106728
0.00111938
0.00116294
0.00119635
0.001218
0.00122638
0.00122017
0.00119837
0.00116029
0.00110568
0.00103476
0.000948174
0.000847071
0.000724547
0.000592387
0.000453079
0.000309289
0.000163772
1.92575e-05
-0.000121643
-0.000256531
-0.000383299
-0.000500192
-0.000605853
-0.000699343
-0.000780151
-0.000855975
-0.000919844
-0.000972098
-0.00101334
-0.00104436
-0.00106606
-0.00107934
-0.00108507
-0.001084
-0.00107671
-0.00106356
-0.00104471
-0.00102006
-0.000989324
-0.000952012
-0.000907511
-0.000855135
-0.000794206
-0.000724131
-0.000637243
-0.000541554
-0.00043735
-0.000325244
-0.000206192
-8.149e-05
4.72453e-05
0.000178119
0.00030901
0.000437647
0.000561683
0.000678789
0.000793531
0.00089809
0.000990499
0.0010691
0.00113258
0.00118006
0.00121108
0.00122562
0.00122407
0.00120723
0.00117621
0.0011324
0.00107737
0.00101279
0.00094035
0.000861687
0.000778309
0.000691545
0.000602503
0.000512046
0.00041566
0.000319803
0.000224618
0.000130078
3.6041e-05
-5.76787e-05
-0.000151239
-0.000244706
-0.000337993
-0.00043082
-0.000522684
-0.000618069
-0.000711665
-0.000802233
-0.000888326
-0.000968331
-0.00104053
-0.00110317
-0.00115454
-0.00119306
-0.00121733
-0.00122627
-0.00121911
-0.00119547
-0.00115538
-0.00109931
-0.00102814
-0.000943141
-0.000845925
-0.000738394
-0.000622655
-0.000494721
-0.000364436
-0.000234096
-0.00010583
1.84627e-05
0.000137165
0.000248976
0.00035293
0.000448397
0.000535063
0.000612901
0.000688249
0.000755977
0.000816424
0.000869986
0.000917047
0.000957926
0.000992827
0.0010218
0.00104473
0.00106131
0.00107106
0.00107334
0.0010674
0.00105243
0.0010276
0.000992124
0.000945371
0.000886888
0.000816479
0.000734245
0.000640622
0.000529986
0.000411089
0.000285568
0.000155323
2.24556e-05
-0.000110795
-0.00024213
-0.000369271
-0.000490042
-0.000602441
-0.000710737
-0.000808377
-0.000894022
-0.00096668
-0.00102572
-0.00107089
-0.00110228
-0.0011203
-0.00112562
-0.00111916
-0.00110194
-0.0010751
