0.785726
0.785484
0.784776
0.783705
0.782373
0.780883
0.779334
0.777826
0.776453
0.775309
0.774483
0.774059
0.774119
0.774739
0.775991
0.777942
0.780654
0.784183
0.78858
0.793893
0.80016
0.807418
0.815698
0.825024
0.835418
0.846893
0.859462
0.87313
0.887899
0.903766
0.920723
0.93876
0.957861
0.978007
0.999174
1.02133
1.04446
1.06851
1.09346
1.11925
1.14584
1.17319
1.20123
1.22992
1.25919
1.28898
1.31922
1.34984
1.38077
1.41192
1.44322
1.47459
1.50593
1.53715
1.56817
1.59889
1.6292
1.65903
1.68825
1.71678
1.7445
1.77133
1.79715
1.82186
1.84537
1.86757
1.88836
1.90765
1.92535
1.94137
1.95561
1.968
1.97845
1.98689
1.99325
1.99747
1.99947
1.99921
1.99663
1.99169
1.98434
1.97456
1.96232
1.94759
1.93035
1.91059
1.88831
1.86351
1.83619
1.80636
1.77405
1.73927
1.70206
1.66244
1.62046
1.57616
1.5296
1.48083
1.42991
1.37691
1.3219
1.26497
1.20618
1.14563
1.08342
1.01963
0.954372
0.887746
0.819861
0.750831
0.68077
0.609797
0.538032
0.4656
0.392626
0.319236
0.245559
0.171721
0.0978536
0.0240838
-0.0494601
-0.122651
-0.195363
-0.267473
-0.33886
-0.409403
-0.478987
-0.547499
-0.61483
-0.680873
-0.745527
-0.808695
-0.870284
-0.930205
-0.988375
-1.04472
-1.09915
-1.15162
-1.20205
-1.25039
-1.29658
-1.34058
-1.38235
-1.42184
-1.45904
-1.49392
-1.52645
-1.55663
-1.58444
-1.60989
-1.63298
-1.65372
-1.67213
-1.68823
-1.70204
-1.7136
-1.72295
-1.73013
-1.73519
-1.73819
-1.73919
-1.73825
-1.73544
-1.73084
-1.72453
-1.71658
-1.70709
-1.69614
-1.68382
-1.67024
-1.65548
-1.63964
-1.62282
-1.60512
-1.58664
-1.56748
-1.54773
-1.5275
-1.50688
-1.48596
-1.46483
-1.44358
-1.42231
-1.40108
-1.37999
-1.3591
-1.3385
-1.31825
-1.29841
-1.27904
-1.26022
-1.24198
-1.22438
-1.20746
-1.19127
-1.17585
-1.16123
-1.14744
-1.13451
-1.12246
-1.11131
-1.10108
-1.09179
-1.08343
-1.07602
-1.06956
-1.06405
-1.05947
-1.05583
-1.0531
-1.05127
-1.05032
-1.05022
-1.05094
-1.05244
-1.0547
-1.05765
-1.06126
-1.06548
-1.07024
-1.07548
-1.08115
-1.08716
-1.09344
-1.09992
-1.10652
-1.11314
-1.1197
-1.1261
-1.13226
-1.13808
-1.14346
-1.1483
-1.1525
-1.15597
-1.15859
-1.16029
-1.16095
-1.16049
-1.15881
-1.15582
-1.15144
-1.14559
-1.13819
-1.12917
-1.11846
-1.10599
-1.09171
-1.07556
-1.05751
-1.03751
-1.01553
-0.991538
-0.965513
-0.937439
-0.907307
-0.875113
-0.84086
-0.804556
-0.766215
-0.725856
-0.683506
-0.639196
-0.592963
-0.544849
-0.494901
-0.443174
-0.389724
-0.334615
-0.277916
-0.2197
-0.160044
-0.0990322
-0.0367505
0.0267092
0.091251
0.156775
0.223178
0.290353
0.358189
0.426572
0.495386
0.564512
0.633829
0.703213
0.77254
0.841685
0.910522
0.978923
1.04676
1.11392
1.18026
1.24566
1.31001
1.37318
1.43506
1.49553
1.55448
1.61181
1.66741
1.72118
1.77303
1.82287
1.87061
1.91617
1.95948
2.00046
2.03906
2.07521
2.10887
2.13997
2.16848
2.19437
2.21759
2.23813
2.25597
2.27109
2.28349
2.29315
2.30009
2.30431
2.30583
2.30467
2.30085
2.29441
2.28538
2.27381
2.25974
2.24323
2.22434
2.20313
2.17967
2.15403
2.1263
2.09655
2.06488
2.03137
1.99613
1.95924
1.92081
1.88096
1.83977
1.79736
1.75385
1.70934
1.66394
1.61778
1.57095
1.52357
1.47576
1.42762
1.37926
1.33079
1.28231
1.23393
1.18574
1.13785
1.09034
1.0433
0.996822
0.950991
0.905884
0.861576
0.818141
0.775645
0.734153
0.693725
0.654415
0.616277
0.579357
0.543697
0.509337
0.476311
0.444647
0.414371
0.385503
0.358058
0.332045
0.30747
0.284333
0.262627
0.242342
0.223461
0.205962
0.189816
0.17499
0.161444
0.149131
0.138001
0.127997
0.119055
0.111107
0.104079
0.0978939
0.0924666
0.0877098
0.0835317
0.079837
0.0765271
0.0735011
0.0706562
0.0678881
0.0650917
0.0621619
0.058994
0.0554844
0.0515313
0.0470351
0.0418991
0.03603
0.0293385
0.0217393
0.0131521
0.00350155
-0.0072824
-0.0192642
-0.0325025
-0.04705
-0.0629537
-0.080254
-0.0989858
-0.119177
-0.140852
-0.164025
-0.188709
-0.214907
-0.24262
-0.271841
-0.30256
-0.334759
-0.368416
-0.403505
-0.439995
-0.477848
-0.517025
-0.557479
-0.59916
-0.642015
-0.685985
-0.731007
-0.777014
-0.823936
-0.871698
-0.920221
-0.969423
-1.01922
-1.06952
-1.12023
-1.17125
-1.22249
-1.27385
-1.32521
-1.37648
-1.42754
-1.47829
-1.52861
-1.57839
-1.62752
-1.67587
-1.72335
-1.76982
-1.81519
-1.85934
-1.90216
-1.94354
-1.98337
-2.02156
-2.058
-2.0926
-2.12526
-2.15589
-2.18442
-2.21076
-2.23483
-2.25657
-2.27591
-2.29279
-2.30716
-2.31897
-2.32817
-2.33473
-2.33862
-2.3398
-2.33826
-2.33398
-2.32696
-2.31718
-2.30466
-2.2894
-2.27142
-2.25072
-2.22735
-2.20132
-2.17268
-2.14146
-2.10772
-2.07151
-2.03289
-1.99191
-1.94866
-1.9032
-1.85561
-1.80598
-1.75439
-1.70095
-1.64574
-1.58888
-1.53046
-1.4706
-1.4094
-1.34699
-1.28348
-1.219
-1.15366
-1.08759
-1.02092
-0.95376
-0.886248
-0.818506
-0.750657
-0.682827
-0.615136
-0.547704
-0.480651
-0.414091
-0.348137
-0.282899
-0.218483
-0.154992
-0.0925241
-0.0311745
0.0289663
0.087812
0.145281
0.201296
0.255785
0.308681
0.35992
0.409446
0.457206
0.503154
0.547247
0.58945
0.629732
0.668066
0.704435
0.738823
0.771224
0.801633
0.830057
0.856503
0.880988
0.903533
0.924167
0.942922
0.959838
0.974961
0.988342
1.00004
1.01011
1.01863
1.02566
1.03129
1.0356
1.03866
1.04058
1.04144
1.04133
1.04036
1.03862
1.03621
1.03323
1.02978
1.02596
1.02187
1.01761
1.01326
1.00892
1.00469
1.00064
0.996862
0.993428
0.990414
0.987891
0.985923
0.98457
0.983888
0.983927
0.984735
0.986351
0.988813
0.992151
0.996394
1.00156
1.00768
1.01475
1.02279
1.0318
1.04179
1.05275
1.06467
1.07755
1.09137
1.10611
1.12176
1.13828
1.15565
1.17383
1.1928
1.2125
1.2329
1.25396
1.27561
1.29781
1.3205
1.34362
1.36711
1.39089
1.41489
1.43904
1.46326
1.48748
1.5116
1.53553
1.5592
1.58251
1.60536
1.62765
1.6493
1.67021
1.69027
1.70939
1.72747
1.74441
1.76012
1.7745
1.78745
1.7989
1.80875
1.81691
1.82331
1.82787
1.83051
1.83117
1.82978
1.82628
1.82062
1.81275
1.80262
1.79021
1.77547
1.75838
1.73892
1.71707
1.69282
1.66617
1.63713
1.60569
1.57188
1.53571
1.49721
1.4564
1.41333
1.36804
1.32057
1.27097
1.2193
1.16563
1.11003
1.05256
0.993315
0.932364
0.869801
0.805718
0.740211
0.673382
0.605335
0.536178
0.466025
0.39499
0.323191
0.250749
0.177786
0.104426
0.0307955
-0.0429789
-0.11677
-0.19045
-0.263892
-0.336969
-0.409556
-0.481528
-0.552764
-0.623143
-0.692548
-0.760864
-0.82798
-0.893789
-0.958187
-1.02107
-1.08235
-1.14193
-1.19973
-1.25566
-1.30965
-1.36162
-1.41152
-1.45927
-1.50482
-1.54813
-1.58914
-1.62782
-1.66414
-1.69806
-1.72956
-1.75863
-1.78525
-1.80943
-1.83115
-1.85043
-1.86728
-1.88171
-1.89374
-1.90342
-1.91076
-1.91581
-1.91862
-1.91923
-1.9177
-1.9141
-1.90848
-1.90091
-1.89148
-1.88025
-1.86731
-1.85275
-1.83666
-1.81912
-1.80023
-1.78009
-1.75879
-1.73644
-1.71312
-1.68895
-1.66401
-1.63842
-1.61226
-1.58564
-1.55865
-1.53138
-1.50393
-1.47639
-1.44883
-1.42134
-1.39401
-1.36691
-1.34012
-1.3137
-1.28772
-1.26224
-1.23732
-1.21303
-1.1894
-1.16649
-1.14434
-1.123
-1.1025
-1.08287
-1.06415
-1.04636
-1.02952
-1.01365
-0.998764
-0.984879
-0.971998
-0.960125
-0.94926
-0.939397
-0.930527
-0.922638
-0.915711
-0.909724
-0.904651
-0.900459
-0.897114
-0.894574
-0.892792
-0.89172
-0.8913
-0.891473
-0.892175
-0.893335
-0.89488
-0.896731
-0.898807
-0.901023
-0.903288
-0.905512
-0.9076
-0.909455
-0.91098
-0.912075
-0.912641
-0.912579
-0.911788
-0.910171
-0.907632
-0.904077
-0.899414
-0.893555
-0.886415
-0.877914
-0.867976
-0.85653
-0.843509
-0.828852
-0.812505
-0.794417
-0.774546
-0.752853
-0.729307
-0.703882
-0.676559
-0.647326
-0.616173
-0.583102
-0.548115
-0.511224
-0.472444
-0.431799
-0.389315
-0.345026
-0.298971
-0.251192
-0.201739
-0.150666
-0.0980329
-0.0439025
0.0116561
0.0685692
0.126759
0.186143
0.246634
0.308142
0.370572
0.433824
0.497796
0.562384
0.627476
0.692963
0.758729
0.824658
0.890629
0.956524
1.02222
1.08759
1.15252
1.21688
1.28055
1.3434
1.40532
1.46618
1.52587
1.58426
1.64125
1.69673
1.75058
1.80271
1.85302
1.9014
1.94777
1.99205
2.03414
2.07398
2.11149
2.14661
2.17927
2.20943
2.23702
2.26201
2.28435
2.30402
2.32098
2.33522
2.34672
2.35546
2.36145
2.36468
2.36516
2.36291
2.35793
2.35026
2.33992
2.32695
2.31139
2.29329
2.27269
2.24966
2.22424
2.19653
2.16657
2.13446
2.10027
2.06409
2.02601
1.98612
1.94452
1.90132
1.85661
1.81051
1.76312
1.71456
1.66494
1.61436
1.56296
1.51084
1.45812
1.40491
1.35133
1.29749
1.2435
1.18948
1.13552
1.08174
1.02824
0.975123
0.922476
0.870398
0.818978
0.768302
0.718453
0.66951
0.621547
0.574635
0.528841
0.484225
0.440847
0.39876
0.358011
0.318647
0.280706
0.244223
0.209229
0.175748
0.1438
0.1134
0.084558
0.0572778
0.031558
0.00739167
-0.0152339
-0.0363373
-0.0559428
-0.0740806
-0.0907872
-0.106104
-0.120081
-0.13277
-0.144231
-0.15453
-0.163737
-0.171928
-0.179183
-0.185588
-0.191231
-0.196205
-0.200607
-0.204535
-0.208089
-0.211372
-0.214488
-0.217539
-0.220629
-0.22386
-0.227333
-0.231148
-0.2354
-0.240182
-0.245584
-0.251692
-0.258586
-0.266342
-0.275032
-0.284722
-0.295472
-0.307336
-0.320364
-0.334598
-0.350077
-0.366832
-0.384888
-0.404266
-0.42498
-0.44704
-0.470448
-0.495204
-0.521301
-0.548728
-0.577467
-0.607497
-0.638794
-0.671326
-0.705059
-0.739954
-0.775968
-0.813053
-0.851158
-0.890228
-0.930204
-0.971023
-1.01262
-1.05492
-1.09785
-1.14133
-1.18529
-1.22964
-1.27428
-1.31914
-1.36411
-1.40911
-1.45402
-1.49876
-1.54321
-1.58728
-1.63085
-1.67382
-1.71608
-1.75753
-1.79805
-1.83753
-1.87588
-1.91298
-1.94872
-1.98301
-2.01574
-2.04683
-2.07616
-2.10365
-2.12922
-2.15277
-2.17423
-2.19353
-2.21058
-2.22534
-2.23773
-2.2477
-2.2552
-2.26018
-2.26261
-2.26246
-2.25968
-2.25427
-2.2462
-2.23546
-2.22205
-2.20596
-2.1872
-2.16579
-2.14174
-2.11507
-2.08581
-2.054
-2.01967
-1.98287
-1.94365
-1.90206
-1.85817
-1.81205
-1.76375
-1.71337
-1.66098
-1.60667
-1.55052
-1.49264
-1.43313
-1.37208
-1.30961
-1.24583
-1.18084
-1.11477
-1.04773
-0.979855
-0.911256
-0.842059
-0.77239
-0.702375
-0.632139
-0.561808
-0.491505
-0.421354
-0.351477
-0.281994
-0.213022
-0.144677
-0.0770698
-0.0103109
0.0554948
0.120245
0.183842
0.246193
0.307206
0.366798
0.424887
0.481398
0.53626
0.589408
0.640779
0.690319
0.737977
0.783707
0.827471
0.869233
0.908965
0.946644
0.982252
1.01578
1.04721
1.07656
1.10383
1.12902
1.15216
1.17327
1.19237
1.20951
1.22473
1.23806
1.24956
1.2593
1.26732
1.2737
1.27851
1.28183
1.28373
1.28431
1.28364
1.28182
1.27893
1.27508
1.27036
1.26486
1.25868
1.25193
1.24468
1.23705
1.22912
1.22099
1.21274
1.20447
1.19625
1.18816
1.18029
1.1727
1.16548
1.15867
1.15234
1.14654
1.14134
1.13677
1.13289
1.12972
1.12731
1.12568
1.12486
1.12487
1.12574
1.12747
1.13007
1.13356
1.13793
1.14319
1.14933
1.15634
1.16421
1.17292
1.18247
1.19282
1.20395
1.21583
1.22843
1.24171
1.25564
1.27016
1.28523
1.3008
1.31682
1.33322
1.34995
1.36694
1.38411
1.4014
1.41873
1.43602
1.45319
1.47015
1.48682
1.5031
1.51891
1.53414
1.54872
1.56253
1.57549
1.5875
1.59847
1.60829
1.61689
1.62416
1.63002
1.63439
1.63717
1.6383
1.63769
1.63527
1.63098
1.62476
1.61653
1.60627
1.59391
1.57941
1.56274
1.54387
1.52277
1.49942
1.47381
1.44594
1.41579
1.38337
1.3487
1.31179
1.27265
1.23132
1.18783
1.14221
1.09451
1.04478
0.993064
0.939431
0.883941
0.826664
0.767674
0.707049
0.644875
0.581239
0.516233
0.449955
0.382506
0.31399
0.244515
0.174193
0.103139
0.0314704
-0.0406942
-0.113233
-0.186022
-0.258937
-0.331852
-0.404642
-0.47718
-0.549341
-0.621
-0.692032
-0.762315
-0.831729
-0.900156
-0.96748
-1.03359
-1.09837
-1.16172
-1.22354
-1.28373
-1.3422
-1.39885
-1.4536
-1.50638
-1.55711
-1.60571
-1.65213
-1.69631
-1.73818
-1.77772
-1.81486
-1.84957
-1.88183
-1.91161
-1.93888
-1.96363
-1.98585
-2.00554
-2.0227
-2.03733
-2.04946
-2.05909
-2.06626
-2.071
-2.07333
-2.0733
-2.07096
-2.06635
-2.05954
-2.05058
-2.03955
-2.02651
-2.01153
-1.9947
-1.97609
-1.95581
-1.93392
-1.91053
-1.88574
-1.85963
-1.8323
-1.80387
-1.77442
-1.74406
-1.71289
-1.68101
-1.64852
-1.61552
-1.58212
-1.5484
-1.51446
-1.48039
-1.44629
-1.41224
-1.37833
-1.34463
-1.31123
-1.2782
-1.24561
-1.21353
-1.18203
-1.15117
-1.121
-1.09158
-1.06295
-1.03517
-1.00828
-0.982314
-0.95731
-0.9333
-0.910311
-0.888366
-0.867486
-0.847687
-0.82898
-0.811372
-0.794867
-0.779463
-0.765155
-0.751932
-0.73978
-0.728678
-0.718601
-0.709521
-0.701401
-0.694203
-0.68788
-0.682384
-0.677657
-0.673641
-0.670269
-0.667472
-0.665175
-0.6633
-0.661762
-0.660476
-0.659351
-0.658295
-0.657212
-0.656004
-0.654572
-0.652817
-0.650639
-0.647938
-0.644614
-0.64057
-0.635709
-0.629939
-0.623169
-0.615311
-0.606284
-0.596007
-0.584407
-0.571415
-0.556967
-0.541005
-0.523475
-0.504332
-0.483535
-0.461048
-0.436844
-0.410899
-0.383198
-0.353729
-0.322488
-0.289477
-0.254702
-0.218177
-0.179919
-0.139954
-0.09831
-0.0550218
-0.0101292
0.0363228
0.0842846
0.133701
0.184514
0.236658
0.290065
0.344662
0.400372
0.457113
0.514799
0.573341
0.632646
0.692617
0.753153
0.814151
0.875504
0.937103
0.998836
1.06059
1.12225
1.18369
1.24481
1.30547
1.36557
1.42497
1.48357
1.54123
1.59785
1.65331
1.70749
1.76028
1.81157
1.86126
1.90924
1.95542
1.99969
2.04197
2.08217
2.12021
2.15601
2.18949
2.2206
2.24926
2.27542
2.29903
2.32005
2.33843
2.35414
2.36715
2.37743
2.38497
2.38976
2.39179
2.39105
2.38756
2.38132
2.37235
2.36067
2.34631
2.3293
2.30968
2.28749
2.26279
2.23562
2.20605
2.17414
2.13997
2.1036
2.06512
2.02461
1.98217
1.93788
1.89184
1.84415
1.79492
1.74425
1.69226
1.63905
1.58474
1.52945
1.47329
1.41638
1.35883
1.30077
1.24232
1.18358
1.12468
1.06573
1.00684
0.948127
0.889691
0.83164
0.774077
0.717099
0.660804
0.605282
0.550622
0.496908
0.44422
0.392636
0.342226
0.293058
0.245196
0.198698
0.153617
0.110004
0.0679028
0.0273523
-0.0116126
-0.0489625
-0.0846733
-0.118726
-0.151107
-0.181808
-0.210828
-0.238168
-0.263839
-0.287856
-0.310238
-0.331013
-0.350214
-0.367879
-0.384053
-0.398787
-0.412135
-0.424161
-0.434931
-0.444517
-0.452997
-0.460452
-0.466967
-0.472633
-0.477541
-0.481788
-0.48547
-0.488688
-0.491542
-0.494132
-0.496561
-0.498928
-0.501332
-0.503871
-0.50664
-0.509732
-0.513234
-0.517234
-0.521811
-0.527043
-0.533002
-0.539754
-0.547363
-0.555885
-0.565372
-0.575868
-0.587416
-0.600049
-0.613798
-0.628686
-0.644733
-0.661953
-0.680354
-0.69994
-0.720711
-0.742659
-0.765776
-0.790046
-0.81545
-0.841965
-0.869563
-0.898213
-0.92788
-0.958523
-0.9901
-1.02256
-1.05586
-1.08995
-1.12475
-1.16022
-1.19628
-1.23288
-1.26993
-1.30736
-1.34509
-1.38304
-1.42114
-1.45928
-1.49737
-1.53534
-1.57308
-1.61049
-1.64747
-1.68393
-1.71977
-1.75487
-1.78915
-1.82249
-1.85479
-1.88596
-1.91588
-1.94447
-1.97162
-1.99724
-2.02122
-2.0435
-2.06397
-2.08255
-2.09916
-2.11373
-2.12618
-2.13646
-2.14449
-2.15022
-2.15359
-2.15457
-2.1531
-2.14916
-2.14271
-2.13372
-2.12218
-2.10807
-2.09139
-2.07213
-2.05029
-2.02589
-1.99893
-1.96944
-1.93744
-1.90296
-1.86605
-1.82673
-1.78506
-1.74109
-1.69488
-1.64649
-1.59599
-1.54346
-1.48896
-1.43259
-1.37443
-1.31458
-1.25312
-1.19017
-1.12582
-1.06019
-0.993381
-0.925511
-0.856696
-0.787056
-0.716713
-0.645787
-0.574405
-0.502689
-0.430766
-0.358761
-0.286797
-0.214999
-0.143489
-0.0723891
-0.00181743
0.068109
0.137276
0.205572
0.27289
0.339125
0.404176
0.467947
0.530345
0.591281
0.650673
0.70844
0.76451
0.818811
0.871282
0.921861
0.970495
1.01714
1.06174
1.10427
1.14469
1.18298
1.21911
1.25307
1.28485
1.31444
1.34185
1.36709
1.39016
1.41108
1.42988
1.44659
1.46125
1.47389
1.48456
1.49331
1.50021
1.50531
1.50867
1.51038
1.5105
1.50911
1.5063
1.50215
1.49674
1.49017
1.48254
1.47392
1.46443
1.45414
1.44317
1.43159
1.41951
1.40702
1.3942
1.38115
1.36795
1.35469
1.34144
1.32828
1.31529
1.30254
1.29009
1.27801
1.26635
1.25517
1.24453
1.23446
1.22501
1.21622
1.20813
1.20076
1.19415
1.18832
1.18328
1.17906
1.17566
1.1731
1.17138
1.17051
1.17048
1.17129
1.17294
1.1754
1.17866
1.18271
1.18752
1.19307
1.19932
1.20624
1.2138
1.22195
1.23065
1.23985
1.24949
1.25952
1.26987
1.28048
1.29129
1.30222
1.31319
1.32412
1.33494
1.34555
1.35588
1.36583
1.37531
1.38422
1.39248
1.39999
1.40666
1.41239
1.41708
1.42066
1.42302
1.42409
1.42376
1.42197
1.41864
1.41369
1.40704
1.39864
1.38842
1.37632
1.3623
1.3463
1.3283
1.30824
1.28611
1.26187
1.23552
1.20704
1.17642
1.14366
1.10877
1.07176
1.03265
0.991457
0.948212
0.902947
0.855703
0.806523
0.755458
0.702562
0.647895
0.591522
0.533513
0.473944
0.412894
0.350447
0.286691
0.221719
0.155628
0.0885181
0.0204945
-0.0483356
-0.117861
-0.187969
-0.258542
-0.329462
-0.400608
-0.471859
-0.543092
-0.614182
-0.685005
-0.755436
-0.825353
-0.894631
-0.963148
-1.03078
-1.09742
-1.16294
-1.22724
-1.29019
-1.3517
-1.41165
-1.46996
-1.52652
-1.58125
-1.63405
-1.68485
-1.73357
-1.78013
-1.82447
-1.86653
-1.90625
-1.94358
-1.97847
-2.01088
-2.04079
-2.06815
-2.09295
-2.11517
-2.13479
-2.15181
-2.16622
-2.17804
-2.18727
-2.19393
-2.19803
-2.1996
-2.19868
-2.19531
-2.18952
-2.18136
-2.17089
-2.15816
-2.14324
-2.1262
-2.1071
-2.08603
-2.06306
-2.03828
-2.01178
-1.98364
-1.95397
-1.92285
-1.89039
-1.85669
-1.82185
-1.78598
-1.74917
-1.71153
-1.67317
-1.63419
-1.59469
-1.55478
-1.51455
-1.4741
-1.43354
-1.39295
-1.35242
-1.31205
-1.27193
-1.23213
-1.19273
-1.15381
-1.11546
-1.07772
-1.04068
-1.00439
-0.968914
-0.934305
-0.900616
-0.867894
-0.836182
-0.805521
-0.775945
-0.747487
-0.720175
-0.69403
-0.669074
-0.645319
-0.622777
-0.601452
-0.581347
-0.562455
-0.54477
-0.528276
-0.512954
-0.498781
-0.485726
-0.473754
-0.462826
-0.452894
-0.443908
-0.435811
-0.428542
-0.422033
-0.416214
-0.411007
-0.406333
-0.402106
-0.398238
-0.394637
-0.39121
-0.38786
-0.384488
-0.380994
-0.377279
-0.373242
-0.368783
-0.363804
-0.358208
-0.3519
-0.344788
-0.336783
-0.327801
-0.317761
-0.306587
-0.294207
-0.280556
-0.265572
-0.249201
-0.231392
-0.212104
-0.191298
-0.168943
-0.145014
-0.11949
-0.0923594
-0.0636132
-0.0332498
-0.00127307
0.0323077
0.0674777
0.104217
0.1425
0.182296
0.223569
0.266281
0.310384
0.35583
0.402564
0.450527
0.499657
0.549885
0.601139
0.653346
0.706423
0.760289
0.814857
0.870034
0.925728
0.981841
1.03827
1.09492
1.15168
1.20844
1.26509
1.32152
1.37762
1.43327
1.48836
1.54277
1.59639
1.6491
1.70079
1.75134
1.80065
1.8486
1.89509
1.94
1.98325
2.02473
2.06435
2.10201
2.13763
2.17113
2.20243
2.23145
2.25813
2.2824
2.30422
2.32351
2.34024
2.35437
2.36586
2.37468
2.3808
2.3842
2.38487
2.38281
2.378
2.37046
2.36019
2.3472
2.33152
2.31316
2.29217
2.26858
2.24242
2.21375
2.18262
2.14909
2.11322
2.07507
2.03473
1.99227
1.94777
1.90132
1.85302
1.80295
1.75122
1.69793
1.64319
1.5871
1.52978
1.47135
1.41192
1.3516
1.29051
1.22879
1.16653
1.10388
1.04093
0.977824
0.914664
0.851569
0.788655
0.726032
0.66381
0.602095
0.54099
0.480596
0.421009
0.362323
0.304625
0.248002
0.192534
0.138297
0.0853645
0.0338033
-0.0163234
-0.0649574
-0.112045
-0.157538
-0.201393
-0.243571
-0.284039
-0.322769
-0.359738
-0.39493
-0.428333
-0.45994
-0.489753
-0.517775
-0.544019
-0.568502
-0.591247
-0.612283
-0.631644
-0.649373
-0.665515
-0.680123
-0.693254
-0.704971
-0.715343
-0.724441
-0.732345
-0.739135
-0.744896
-0.749717
-0.75369
-0.756909
-0.759469
-0.761467
-0.763002
-0.764171
-0.765072
-0.765802
-0.766456
-0.767128
-0.76791
-0.768889
-0.77015
-0.771776
-0.773843
-0.776425
-0.779591
-0.783405
-0.787925
-0.793207
-0.7993
-0.806247
-0.814089
-0.822858
-0.832586
-0.843295
-0.855005
-0.867731
-0.881482
-0.896265
-0.912081
-0.928926
-0.946792
-0.96567
-0.985542
-1.00639
-1.02819
-1.05092
-1.07454
-1.09902
-1.12432
-1.15041
-1.17723
-1.20474
-1.23288
-1.2616
-1.29085
-1.32056
-1.35065
-1.38108
-1.41175
-1.44261
-1.47356
-1.50453
-1.53543
-1.56618
-1.59669
-1.62687
-1.65662
-1.68586
-1.71448
-1.74238
-1.76948
-1.79567
-1.82085
-1.84493
-1.86782
-1.88941
-1.90961
-1.92833
-1.94548
-1.96098
-1.97474
-1.98668
-1.99673
-2.0048
-2.01084
-2.01479
-2.01657
-2.01613
-2.01344
-2.00843
-2.00108
-1.99135
-1.97921
-1.96464
-1.94762
-1.92814
-1.9062
-1.88178
-1.85491
-1.82559
-1.79383
-1.75967
-1.72311
-1.68421
-1.64299
-1.5995
-1.55379
-1.50591
-1.45593
-1.4039
-1.3499
-1.294
-1.23628
-1.17683
-1.11573
-1.05308
-0.988967
-0.923502
-0.856785
-0.788925
-0.720033
-0.650224
-0.579614
-0.508322
-0.436468
-0.364175
-0.291566
-0.218765
-0.145896
-0.0730837
-0.000451386
0.0718781
0.143783
0.215144
0.285842
0.355763
0.424793
0.492823
0.559745
0.625457
0.68986
0.752858
0.81436
0.874279
0.932534
0.989047
1.04375
1.09656
1.14743
1.1963
1.24312
1.28783
1.3304
1.37079
1.40897
1.44492
1.47861
1.51003
1.53918
1.56604
1.59063
1.61295
1.63301
1.65084
1.66645
1.67989
1.69118
1.70037
1.7075
1.71263
1.71581
1.7171
1.71657
1.71429
1.71033
1.70478
1.6977
1.68919
1.67933
1.66821
1.65592
1.64255
1.6282
1.61297
1.59693
1.5802
1.56285
1.54499
1.5267
1.50807
1.48919
1.47015
1.45102
1.43189
1.41283
1.39392
1.37522
1.35679
1.33872
1.32104
1.30382
1.28711
1.27096
1.25541
1.2405
1.22628
1.21276
1.19999
1.18799
1.17678
1.16639
1.15682
1.1481
1.14022
1.1332
1.12704
1.12173
1.11727
1.11365
1.11086
1.10889
1.1077
1.10728
1.10759
1.10861
1.1103
1.11261
1.11551
1.11894
1.12284
1.12717
1.13186
1.13683
1.14203
1.14738
1.1528
1.15821
1.16352
1.16866
1.17353
1.17805
1.18211
1.18563
1.18851
1.19066
1.19199
1.19241
1.19181
1.19012
1.18724
1.18309
1.17759
1.17066
1.16223
1.15223
1.14058
1.12724
1.11214
1.09524
1.07649
1.05585
1.03329
1.00878
0.982301
0.953834
0.92337
0.890906
0.856442
0.819986
0.78155
0.741155
0.698824
0.654586
0.608477
0.560538
0.510814
0.459356
0.40622
0.351468
0.295165
0.237382
0.178195
0.117682
0.0559283
-0.0069775
-0.0709431
-0.135872
-0.201664
-0.268216
-0.335421
-0.403169
-0.471347
-0.53984
-0.608533
-0.677304
-0.746036
-0.814605
-0.88289
-0.950769
-1.01812
-1.08482
-1.15075
-1.21579
-1.27982
-1.34272
-1.40439
-1.4647
-1.52356
-1.58086
-1.6365
-1.69038
-1.74241
-1.79249
-1.84055
-1.88651
-1.9303
-1.97183
-2.01106
-2.04792
-2.08235
-2.11432
-2.14377
-2.17067
-2.19499
-2.2167
-2.23578
-2.25221
-2.26599
-2.27711
-2.28558
-2.29139
-2.29457
-2.29513
-2.29309
-2.28848
-2.28135
-2.27172
-2.25964
-2.24517
-2.22835
-2.20926
-2.18794
-2.16449
-2.13896
-2.11144
-2.08201
-2.05076
-2.01778
-1.98315
-1.94699
-1.90938
-1.87044
-1.83025
-1.78894
-1.74659
-1.70333
-1.65926
-1.61448
-1.5691
-1.52324
-1.47699
-1.43046
-1.38375
-1.33696
-1.2902
-1.24355
-1.19712
-1.15098
-1.10524
-1.05997
-1.01525
-0.971163
-0.927784
-0.885182
-0.843423
-0.80257
-0.762683
-0.723816
-0.68602
-0.649343
-0.613827
-0.579511
-0.546429
-0.514611
-0.484082
-0.454863
-0.426971
-0.400416
-0.375204
-0.351338
-0.328813
-0.30762
-0.287745
-0.269167
-0.251862
-0.235799
-0.22094
-0.207244
-0.194664
-0.183146
-0.172631
-0.163056
-0.154351
-0.146444
-0.139256
-0.132703
-0.126701
-0.121159
-0.115984
-0.111081
-0.106353
-0.101701
-0.0970254
-0.0922265
-0.0872047
-0.0818615
-0.0760998
-0.0698244
-0.062943
-0.0553661
-0.0470079
-0.0377865
-0.0276244
-0.016449
-0.00419238
0.00920784
0.0238087
0.0396616
0.0568122
0.0753004
0.0951602
0.11642
0.139102
0.163222
0.188792
0.215818
0.244298
0.274227
0.305595
0.338386
0.372579
0.408147
0.44506
0.483283
0.522776
0.563494
0.605389
0.648409
0.692495
0.737587
0.78362
0.830524
0.878227
0.926652
0.975719
1.02534
1.07544
1.12592
1.17669
1.22765
1.2787
1.32975
1.38068
1.4314
1.4818
1.53176
1.58119
1.62997
1.67798
1.72513
1.77129
1.81637
1.86025
1.90283
1.94399
1.98365
2.0217
2.05804
2.09258
2.12523
2.1559
2.18451
2.21099
2.23526
2.25725
2.27689
2.29414
2.30893
2.32122
2.33097
2.33813
2.34267
2.34458
2.34382
2.34038
2.33426
2.32544
2.31393
2.29973
2.28287
2.26334
2.24119
2.21643
2.18911
2.15925
2.12691
2.09214
2.05499
2.01553
1.97381
1.92992
1.88392
1.8359
1.78594
1.73414
1.68058
1.62537
1.5686
1.51038
1.45083
1.39004
1.32815
1.26525
1.20147
1.13692
1.07173
1.00603
0.939916
0.873526
0.806976
0.740386
0.673873
0.607554
0.541544
0.475955
0.410896
0.346475
0.282794
0.219955
0.158054
0.097184
0.0374338
-0.0211118
-0.0783723
-0.134272
-0.188738
-0.241705
-0.29311
-0.342897
-0.391012
-0.437409
-0.482046
-0.524886
-0.565897
-0.605054
-0.642335
-0.677726
-0.711218
-0.742805
-0.772491
-0.800283
-0.826195
-0.850245
-0.872459
-0.892868
-0.911508
-0.928421
-0.943656
-0.957266
-0.969308
-0.979847
-0.98895
-0.99669
-1.00314
-1.00839
-1.01252
-1.01561
-1.01776
-1.01905
-1.01959
-1.01945
-1.01875
-1.01757
-1.01601
-1.01416
-1.01211
-1.00996
-1.00778
-1.00568
-1.00372
-1.00199
-1.00055
-0.999494
-0.998874
-0.998755
-0.999194
-1.00025
-1.00196
-1.00438
-1.00754
-1.01149
-1.01624
-1.02183
-1.02828
-1.0356
-1.04382
-1.05292
-1.06293
-1.07385
-1.08566
-1.09837
-1.11196
-1.12641
-1.14172
-1.15786
-1.1748
-1.19252
-1.21099
-1.23016
-1.25001
-1.27049
-1.29155
-1.31314
-1.33522
-1.35773
-1.38061
-1.40379
-1.42721
-1.45081
-1.4745
-1.49822
-1.52189
-1.54542
-1.56874
-1.59176
-1.61438
-1.63653
-1.65811
-1.67902
-1.69918
-1.7185
-1.73687
-1.75421
-1.77041
-1.7854
-1.79908
-1.81136
-1.82216
-1.83138
-1.83896
-1.84481
-1.84885
-1.85103
-1.85127
-1.8495
-1.84568
-1.83976
-1.83167
-1.82139
-1.80887
-1.79408
-1.777
-1.7576
-1.73588
-1.71181
-1.6854
-1.65665
-1.62556
-1.59215
-1.55644
-1.51844
-1.47819
-1.43573
-1.39108
-1.3443
-1.29544
-1.24456
-1.1917
-1.13695
-1.08036
-1.02203
-0.962012
-0.900409
-0.837305
-0.772793
-0.706971
-0.63994
-0.571804
-0.502671
-0.432652
-0.361861
-0.290414
-0.21843
-0.146027
-0.0733285
-0.000455737
0.0724681
0.14532
0.217976
0.290315
0.362215
0.433554
0.504216
0.574083
0.643042
0.71098
0.777789
0.843365
0.907606
0.970414
1.03169
1.09136
1.14932
1.20551
1.25983
1.31223
1.36263
1.41098
1.45722
1.5013
1.54317
1.58279
1.62014
1.65517
1.68788
1.71823
1.74622
1.77183
1.79508
1.81595
1.83447
1.85065
1.8645
1.87605
1.88534
1.8924
1.89727
1.9
1.90064
1.89925
1.89588
1.89062
1.88351
1.87464
1.86409
1.85194
1.83826
1.82315
1.80669
1.78898
1.77011
1.75016
1.72924
1.70744
1.68486
1.66158
1.6377
1.61332
1.58852
1.56339
1.53803
1.51251
1.48692
1.46134
1.43584
1.4105
1.38539
1.36058
1.33613
1.3121
1.28855
1.26553
1.2431
1.2213
1.20017
1.17975
1.16009
1.1412
1.12313
1.1059
1.08952
1.07403
1.05943
1.04573
1.03294
1.02108
1.01013
1.00009
0.990954
0.982713
0.97535
0.968843
0.963167
0.958294
0.954191
0.950818
0.948133
0.94609
0.944636
0.943715
0.943266
0.943224
0.943521
0.944083
0.944832
0.94569
0.946572
0.947392
0.94806
0.948487
0.94858
0.948246
0.947389
0.945916
0.943734
0.940748
0.936868
0.932003
0.926067
0.918976
0.910647
0.901005
0.889975
0.877489
0.863483
0.847898
0.83068
0.811781
0.791158
0.768775
0.744598
0.718605
0.690773
0.661091
0.629551
0.596149
0.560891
0.523785
0.484846
0.444095
0.401559
0.357269
0.311261
0.263578
0.214266
0.163378
0.11097
0.0571046
0.00184796
-0.0547291
-0.112551
-0.171538
-0.231606
-0.292668
-0.354631
-0.4174
-0.480875
-0.544956
-0.609535
-0.674505
-0.739755
-0.805172
-0.870642
-0.936047
-1.00127
-1.06619
-1.13069
-1.19465
-1.25795
-1.32047
-1.38209
-1.44271
-1.50219
-1.56043
-1.61732
-1.67275
-1.72662
-1.77882
-1.82927
-1.87785
-1.92449
-1.9691
-2.01161
-2.05192
-2.08998
-2.12572
-2.15907
-2.18999
-2.21842
-2.24431
-2.26764
-2.28836
-2.30644
-2.32187
-2.33462
-2.34469
-2.35206
-2.35675
-2.35874
-2.35806
-2.35471
-2.34873
-2.34013
-2.32895
-2.31522
-2.29899
-2.28031
-2.25924
-2.23582
-2.21012
-2.18221
-2.15217
-2.12007
-2.08599
-2.05002
-2.01225
-1.97277
-1.93168
-1.88908
-1.84506
-1.79974
-1.75322
-1.70561
-1.65702
-1.60756
-1.55733
-1.50646
-1.45504
-1.4032
-1.35103
-1.29866
-1.24617
-1.19369
-1.1413
-1.08912
-1.03723
-0.985727
-0.934709
-0.884261
-0.834466
-0.785406
-0.737159
-0.689796
-0.643389
-0.598003
-0.553699
-0.510535
-0.468563
-0.427834
-0.388391
-0.350274
-0.313518
-0.278156
-0.244211
-0.211706
-0.180656
-0.151073
-0.122962
-0.096324
-0.0711535
-0.0474403
-0.0251685
-0.00431639
0.0151433
0.0332437
0.0500234
0.0655268
0.0798039
0.0929101
0.104906
0.115859
0.125838
0.13492
0.143184
0.150715
0.157599
0.163928
0.169795
0.175295
0.180524
0.185582
0.190567
0.195576
0.200707
0.206057
0.211721
0.217789
0.224353
0.231497
0.239304
0.247852
0.257214
0.26746
0.278653
0.290852
0.304111
0.318476
0.333991
0.350691
0.368608
0.387768
0.408189
0.429888
0.452873
0.477147
0.50271
0.529555
0.557672
0.587044
0.617651
0.649467
0.682464
0.716607
0.751859
0.788176
0.825514
0.863821
0.903044
0.943126
0.984003
1.02561
1.06788
1.11075
1.15412
1.19794
1.2421
1.28654
1.33116
1.37586
1.42057
1.46517
1.50958
1.5537
1.59741
1.64063
1.68324
1.72515
1.76624
1.80642
1.84558
1.88361
1.92041
1.95589
1.98993
2.02246
2.05336
2.08255
2.10995
2.13545
2.15899
2.18049
2.19986
2.21705
2.23199
2.24462
2.25489
2.26273
2.26812
2.27101
2.27137
2.26917
2.26439
2.257
2.247
2.23438
2.21914
2.20129
2.18083
2.15778
2.13216
2.104
2.07332
2.04018
2.0046
1.96664
1.92635
1.88378
1.83901
1.7921
1.74313
1.69216
1.6393
1.58461
1.5282
1.47015
1.41058
1.34958
1.28726
1.22372
1.15909
1.09347
1.02698
0.959742
0.891873
0.823495
0.754727
0.685693
0.616511
0.547304
0.47819
0.409288
0.340715
0.272583
0.205006
0.138093
0.0719507
0.00668157
-0.0576144
-0.120841
-0.182906
-0.243722
-0.303204
-0.361273
-0.417854
-0.472877
-0.526276
-0.577991
-0.627966
-0.67615
-0.722498
-0.766969
-0.809529
-0.850148
-0.888802
-0.925472
-0.960144
-0.992812
-1.02347
-1.05213
-1.0788
-1.10348
-1.12621
-1.14701
-1.16591
-1.18295
-1.19817
-1.21162
-1.22335
-1.23342
-1.2419
-1.24885
-1.25434
-1.25845
-1.26126
-1.26285
-1.2633
-1.26271
-1.26116
-1.25874
-1.25555
-1.25167
-1.24719
-1.24222
-1.23683
-1.23113
-1.22519
-1.2191
-1.21294
-1.2068
-1.20075
-1.19487
-1.18922
-1.18387
-1.17888
-1.17431
-1.17022
-1.16666
-1.16367
-1.16129
-1.15955
-1.15851
-1.15817
-1.15858
-1.15974
-1.16169
-1.16442
-1.16795
-1.17229
-1.17744
-1.1834
-1.19016
-1.19772
-1.20607
-1.21519
-1.22505
-1.23565
-1.24696
-1.25894
-1.27157
-1.28482
-1.29863
-1.31298
-1.32781
-1.34307
-1.35872
-1.3747
-1.39094
-1.40739
-1.42397
-1.44063
-1.45728
-1.47385
-1.49027
-1.50644
-1.5223
-1.53775
-1.5527
-1.56708
-1.58078
-1.59372
-1.6058
-1.61694
-1.62705
-1.63604
-1.64381
-1.65029
-1.65538
-1.65901
-1.66109
-1.66156
-1.66033
-1.65734
-1.65253
-1.64582
-1.63718
-1.62654
-1.61386
-1.59911
-1.58223
-1.56321
-1.54202
-1.51864
-1.49306
-1.46526
-1.43525
-1.40303
-1.3686
-1.33199
-1.2932
-1.25227
-1.20923
-1.1641
-1.11694
-1.06779
-1.0167
-0.963726
-0.908931
-0.852382
-0.794149
-0.734309
-0.672942
-0.610133
-0.545973
-0.480553
-0.413971
-0.346329
-0.277731
-0.208284
-0.138098
-0.0672872
0.00403336
0.0757463
0.147733
0.219872
0.292042
0.364123
0.435992
0.507526
0.578606
0.649111
0.718921
0.787921
0.855994
0.923029
0.988916
1.05355
1.11682
1.17864
1.2389
1.29751
1.35439
1.40946
1.46263
1.51383
1.56299
1.61005
1.65495
1.69763
1.73805
1.77617
1.81194
1.84533
1.87632
1.90488
1.93101
1.95467
1.97588
1.99464
2.01094
2.02479
2.03623
2.04526
2.05191
2.05622
2.05822
2.05796
2.05548
2.05084
2.0441
2.03531
2.02455
2.01187
1.99737
1.98111
1.96318
1.94365
1.92263
1.9002
1.87644
1.85146
1.82535
1.79821
1.77012
1.74119
1.71151
1.68118
1.6503
1.61896
1.58724
1.55525
1.52307
1.49079
1.45849
1.42625
1.39415
1.36227
1.33068
1.29945
1.26864
1.23833
1.20856
1.1794
1.15089
1.1231
1.09605
1.0698
1.04438
1.01983
0.996182
0.97346
0.951689
0.930889
0.911077
0.892266
0.874463
0.857672
0.841894
0.827125
0.813356
0.800573
0.78876
0.777893
0.767945
0.758885
0.750675
0.743275
0.736637
0.73071
0.725437
0.720759
0.71661
0.712919
0.709613
0.706614
0.703842
0.70121
0.698632
0.696017
0.693275
0.690311
0.687031
0.68334
0.679143
0.674347
0.668857
0.662583
0.655434
0.647325
0.638172
0.627895
0.616418
0.603669
0.589582
0.574093
0.557147
0.538692
0.518682
0.497077
0.473842
0.448949
0.422374
0.394102
0.36412
0.332424
0.299015
0.263897
0.227083
0.18859
0.148441
0.106663
0.0632897
0.0183588
-0.0280865
-0.0759983
-0.125324
-0.176006
-0.227982
-0.281186
-0.335548
-0.390992
-0.447439
-0.504807
-0.563009
-0.621954
-0.681548
-0.741694
-0.802292
-0.863239
-0.924429
-0.985753
-1.0471
-1.10836
-1.16942
-1.23016
-1.29048
-1.35024
-1.40934
-1.46766
-1.52508
-1.5815
-1.63679
-1.69085
-1.74356
-1.79483
-1.84455
-1.89261
-1.93892
-1.98339
-2.02592
-2.06644
-2.10486
-2.1411
-2.17509
-2.20677
-2.23607
-2.26294
-2.28733
-2.30919
-2.32847
-2.34515
-2.3592
-2.37058
-2.37929
-2.3853
-2.38861
-2.38922
-2.38712
-2.38234
-2.37488
-2.36475
-2.352
-2.33664
-2.31872
-2.29827
-2.27534
-2.24998
-2.22225
-2.19221
-2.15992
-2.12547
-2.08892
-2.05035
-2.00985
-1.96752
-1.92343
-1.87769
-1.8304
-1.78165
-1.73156
-1.68023
-1.62778
-1.5743
-1.51992
-1.46474
-1.40889
-1.35247
-1.2956
-1.23839
-1.18095
-1.12339
-1.06583
-1.00836
-0.951101
-0.894144
-0.837593
-0.781544
-0.72609
-0.671321
-0.617325
-0.564183
-0.511976
-0.460779
-0.410662
-0.361693
-0.313935
-0.267446
-0.222279
-0.178485
-0.136109
-0.0951892
-0.0557622
-0.017858
0.0184981
0.053286
0.0864907
0.118103
0.148117
0.176537
0.203367
0.228621
0.252316
0.274478
0.295135
0.314322
0.332082
0.34846
0.363509
0.377286
0.389854
0.401281
0.411639
0.421005
0.429459
0.437087
0.443975
0.450215
0.455898
0.461119
0.465973
0.470557
0.474967
0.479299
0.483646
0.488103
0.492761
0.497708
0.503029
0.508807
0.515119
0.522041
0.529642
0.537987
0.547135
0.557143
0.568061
0.579932
0.592797
0.606689
0.621639
0.637669
0.654799
0.673042
0.692406
0.712896
0.73451
0.757244
0.781087
0.806024
0.832038
0.859105
0.887198
0.916287
0.946337
0.977309
1.00916
1.04185
1.07532
1.10952
1.1444
1.17989
1.21593
1.25245
1.2894
1.32668
1.36422
1.40196
1.43979
1.47765
1.51544
1.55307
1.59045
1.62749
1.66409
1.70016
1.73559
1.77029
1.80417
1.83711
1.86903
1.89982
1.92939
1.95765
1.98448
2.00981
2.03355
2.0556
2.07589
2.09433
2.11084
2.12535
2.1378
2.14811
2.15623
2.16209
2.16566
2.16687
2.1657
2.16211
2.15606
2.14753
2.1365
2.12296
2.10689
2.0883
2.06718
2.04355
2.01741
1.98878
1.95769
1.92417
1.88825
1.84997
1.80937
1.76651
1.72144
1.67422
1.62492
1.57361
1.52036
1.46525
1.40837
1.3498
1.28964
1.22799
1.16494
1.1006
1.03507
0.968473
0.900913
0.832506
0.76337
0.693622
0.623383
0.552772
0.481911
0.410921
