90
90
89.9999
89.9997
89.9987
89.9962
89.9906
89.9795
89.9592
89.9249
89.8702
89.7873
89.6672
89.4999
89.2747
88.9806
88.6069
88.1433
87.5802
86.9095
86.1245
85.2206
84.1959
83.053
81.7998
80.4525
79.0378
77.5923
76.1597
74.783
73.4996
72.3393
71.3253
70.4738
69.7903
69.2624
68.8496
68.4769
68.0417
67.4383
66.5863
65.4425
63.9977
62.2718
60.3158
58.2166
56.096
54.087
52.2985
50.7987
49.6138
48.7149
47.9947
47.2637
46.3052
44.9669
43.1986
41.0368
38.5932
36.0511
33.6329
31.5234
29.8214
28.5309
27.5348
26.5788
25.3549
23.661
21.4636
18.8651
16.0794
13.3928
11.0564
9.1979
7.8041
6.69267
5.52419
3.96325
1.86396
-0.720131
-3.58717
-6.43143
-8.95274
-10.9811
-12.5087
-13.7093
-14.9271
-16.5127
-18.6236
-21.2067
-24.0585
-26.8775
-29.3742
-31.3878
-32.9134
-34.1132
-35.3014
-36.8015
-38.7709
-41.1794
-43.864
-46.5744
-49.0496
-51.118
-52.7311
-53.965
-55.0234
-56.1822
-57.6589
-59.5289
-61.7435
-64.1701
-66.621
-68.9018
-70.8722
-72.4711
-73.714
-74.6935
-75.5717
-76.5355
-77.7257
-79.1994
-80.9418
-82.8895
-84.9451
-86.9916
-88.9146
-90.6289
-92.0875
-93.279
-94.2234
-94.9726
-95.6067
-96.2215
-96.9059
-97.7215
-98.6964
-99.8313
-101.109
-102.498
-103.963
-105.458
-106.937
-108.357
-109.681
-110.887
-111.959
-112.894
-113.691
-114.358
-114.906
-115.35
-115.708
-116.002
-116.253
-116.483
-116.71
-116.949
-117.209
-117.497
-117.814
-118.16
-118.534
-118.931
-119.349
-119.784
-120.233
-120.693
-121.161
-121.635
-122.114
-122.596
-123.078
-123.561
-124.041
-124.518
-124.987
-125.448
-125.896
-126.327
-126.738
-127.126
-127.486
-127.814
-128.108
-128.362
-128.575
-128.742
-128.858
-128.92
-128.921
-128.855
-128.716
-128.496
-128.187
-127.78
-127.266
-126.635
-125.876
-124.976
-123.916
-122.673
-121.21
-119.487
-117.49
-115.305
-113.187
-111.383
-109.904
-108.679
-107.681
-106.92
-106.431
-106.261
-106.455
-107.025
-107.866
-108.659
-109.01
-108.793
-108.054
-106.835
-105.163
-103.06
-100.574
-97.8513
-95.1962
-92.9172
-91.1161
-89.8338
-89.1215
-88.9717
-89.1814
-89.2377
-88.6096
-87.1657
-84.9604
-82.1088
-78.8504
-75.6489
-72.9927
-71.0811
-69.977
-69.5359
-69.162
-68.014
-65.797
-62.6362
-58.8971
-55.2711
-52.4315
-50.6023
-49.6502
-48.7967
-46.9416
-43.8221
-39.7974
-35.7001
-32.4861
-30.4649
-29.2809
-27.6772
-24.666
-20.4635
-16.0071
-12.5021
-10.3212
-8.8524
-6.5045
-2.62786
2.10137
6.28563
9.07653
10.8437
13.2201
17.1906
22.074
26.3451
29.1582
31.0929
33.9604
38.3786
43.3232
47.2228
49.7028
51.9358
55.5952
60.4697
65.0969
68.3245
70.5385
73.4764
77.9047
82.8421
86.7644
89.3493
91.8029
95.6201
100.483
104.961
108.1
110.432
113.596
118.095
122.898
126.656
129.232
131.888
135.863
140.702
145.021
148.074
150.549
153.997
158.655
163.37
166.952
169.556
172.659
177.11
182.053
186.063
188.916
191.95
196.378
201.491
205.725
208.749
212.011
216.758
222.038
226.181
229.264
233.222
238.623
243.76
247.426
247.426
247.426
247.426
247.426
247.427
247.428
247.43
247.436
247.448
247.47
247.506
247.564
247.65
247.773
247.944
248.172
248.468
248.842
249.303
249.862
250.525
251.301
252.192
253.202
254.329
255.567
256.901
258.307
259.751
261.19
262.58
263.884
265.071
266.117
267.003
267.719
268.272
268.694
269.053
269.449
269.995
270.782
271.866
273.264
274.963
276.92
279.05
281.232
283.322
285.195
286.772
288.018
288.957
289.701
290.462
291.48
292.925
294.845
297.187
299.808
302.479
304.944
307.015
308.619
309.814
310.833
312.048
313.768
316.084
318.893
321.93
324.83
327.283
329.163
330.56
331.823
333.443
335.717
338.618
341.872
345.038
347.715
349.746
351.266
352.727
354.677
357.344
1.00161
4.23687
7.06075
9.28496
11.0196
12.6741
14.7405
17.4305
20.6061
23.8902
26.8471
29.225
31.06
32.6864
34.5898
37.0607
40.0499
43.2583
46.2776
48.803
50.7684
52.3681
54.0045
56.0501
58.6151
61.5556
64.5669
67.3129
69.5841
71.3639
72.8336
74.323
76.1366
78.3889
81.0017
83.767
86.4208
88.7454
90.6431
92.1491
93.4273
94.7272
96.2715
98.1604
100.366
102.77
105.2
107.476
109.467
111.117
112.449
113.558
114.599
115.74
117.099
118.718
120.573
122.592
124.672
126.699
128.571
130.219
131.614
132.765
133.718
134.554
135.375
136.278
137.333
138.571
139.989
141.56
143.238
144.962
146.667
148.29
149.782
151.11
152.261
153.235
154.054
154.754
155.387
156.013
156.692
157.469
158.372
159.411
160.583
161.873
163.255
164.697
166.162
167.608
168.999
170.301
171.492
172.556
173.49
174.295
174.986
175.587
176.134
176.668
177.235
177.875
178.617
179.48
180.471
181.587
182.816
184.14
185.531
186.957
188.382
189.769
191.084
192.303
193.407
194.387
195.243
195.989
196.65
197.266
197.887
198.568
199.355
200.284
201.373
202.625
204.029
205.56
207.177
208.832
210.468
212.031
213.476
214.773
215.911
216.9
217.776
218.604
219.469
220.457
221.638
223.047
224.686
226.524
228.497
230.517
232.483
234.307
235.929
237.329
238.539
239.652
240.806
242.148
243.782
245.736
247.966
250.361
252.762
255.007
256.985
258.664
260.119
261.534
263.142
265.12
267.507
270.204
273.003
275.65
277.961
279.894
281.589
283.348
285.48
288.112
291.134
294.259
297.145
299.583
301.614
303.545
305.808
308.635
311.923
315.304
318.358
320.879
323.016
325.236
327.988
331.331
334.926
338.265
341.033
343.33
345.658
348.531
352.016
355.721
359.098
1.00516
3.76283
6.74331
9.98375
13.3118
16.4862
19.3839
22.0942
24.8528
27.8471
31.0631
34.3088
37.365
40.1464
42.761
45.4307
48.3167
51.4004
54.5114
57.4523
60.1315
62.6189
65.0979
67.7358
70.5706
73.4988
73.4987
73.4985
73.498
73.4968
73.4945
73.4901
73.4817
73.4671
73.4428
73.4042
73.3455
73.2597
73.1389
72.9742
72.7561
72.4751
72.1217
71.6868
71.1621
70.5402
69.815
68.9822
68.0398
66.9889
65.8351
64.5901
63.2735
61.9135
60.5455
59.2076
57.9349
56.757
55.6973
54.7738
53.9982
53.3721
52.8809
52.4867
52.1245
51.7088
51.1518
50.385
49.3685
48.09
46.5603
44.8131
42.9082
40.9333
38.9949
37.1946
35.6082
34.2807
